33  105  110  99  108  117  100  101  60  117  110  105  115  116  100  46  104  62  
35  105  110  99  108  117  100  101  60  115  121  115  47  115  116  97  116  46  104  62  
35  105  110  99  108  117  100  101  60  102  99  110  116  108  46  104  62  
35  105  110  99  108  117  100  101  60  115  116  100  108  105  98  46  104  62  
35  105  110  99  108  117  100  101  60  115  116  100  105  111  46  104  62  


105  110  116  32  32  109  97  105  110  40  105  110  116  32  32  97  114  103  99  44  32  32  99  104  97  114  32  32  42  97  114  103  118  91  93  41  
123  32  32  32  32  32  32  

32  32  32  32  32  32  32  32  99  104  97  114  32  32  98  117  102  102  101  114  59  
32  32  32  32  32  32  32  32  47  47  67  104  101  99  107  115  32  32  102  111  114  32  32  116  104  114  101  101  32  32  97  114  103  117  109  101  110  116  115  
32  32  32  32  32  32  32  32  105  102  40  97  114  103  99  32  32  33  61  32  32  51  41  123  
32  32  32  32  32  32  32  32  32  32  32  32  32  32  32  32  112  114  105  110  116  102  40  34  84  119  111  32  32  97  114  103  117  109  101  110  116  115  32  32  114  101  113  117  105  114  101  100  33  34  41  59  
32  32  32  32  32  32  32  32  32  32  32  32  32  32  32  32  101  120  105  116  40  49  41  59  
32  32  32  32  32  32  32  32  125  
32  32  32  32  32  32  32  32  47  47  79  112  101  110  115  32  32  102  105  108  101  
32  32  32  32  32  32  32  32  105  110  116  32  32  73  110  70  105  108  101  68  101  115  32  32  61  32  32  111  112  101  110  40  97  114  103  118  91  49  93  44  32  32  79  95  82  68  79  78  76  89  41  59  
32  32  32  32  32  32  32  32  47  47  99  104  101  99  107  115  32  32  102  111  114  32  32  101  114  114  111  114  
32  32  32  32  32  32  32  32  105  102  32  32  40  73  110  70  105  108  101  68  101  115  32  32  61  61  32  32  45  49  41  
32  32  32  32  32  32  32  32  123  
32  32  32  32  32  32  32  32  32  32  32  32  32  32  32  32  112  114  105  110  116  102  40  34  67  111  117  108  100  32  32  110  111  116  32  32  111  112  101  110  32  32  102  105  108  101  33  34  41  59  
32  32  32  32  32  32  32  32  32  32  32  32  32  32  32  32  99  108  111  115  101  32  32  40  73  110  70  105  108  101  68  101  115  41  59  
32  32  32  32  32  32  32  32  32  32  32  32  32  32  32  32  101  120  105  116  40  49  41  59  
32  32  32  32  32  32  32  32  125  
32  32  32  32  32  32  32  32  47  47  100  101  116  101  114  109  105  110  101  115  32  32  116  104  101  32  32  115  101  116  116  105  110  103  115  32  32  111  102  32  32  116  104  101  32  32  109  97  115  107  32  32  116  104  97  116  32  32  99  111  110  116  114  111  108  115  32  32  104  111  119  32  32  102  105  108  101  32  32  112  101  114  109  105  115  115  105  111  110  115  32  32  97  114  101  32  32  115  101  116  
32  32  32  32  32  32  32  32  117  109  97  115  107  40  48  41  59  
32  32  32  32  32  32  32  32  47  47  79  112  101  110  115  32  32  102  105  108  101  
32  32  32  32  32  32  32  32  105  110  116  32  32  79  117  116  70  105  108  101  68  101  115  32  32  61  32  32  111  112  101  110  40  97  114  103  118  91  50  93  44  32  32  79  95  87  82  79  78  76  89  124  79  95  67  82  69  65  84  44  32  32  83  95  73  82  85  83  82  124  83  95  73  87  85  83  82  32  32  124  32  32  83  95  73  82  71  82  80  124  83  95  73  87  71  82  80  32  32  124  32  32  83  95  73  82  79  84  72  124  83  95  73  87  79  84  72  41  59  
32  32  32  32  32  32  32  32  47  47  67  104  101  99  107  115  32  32  102  111  114  32  32  101  114  114  111  114  
32  32  32  32  32  32  32  32  105  102  32  32  40  79  117  116  70  105  108  101  68  101  115  32  32  61  61  32  32  45  49  41  
32  32  32  32  32  32  32  32  123  
32  32  32  32  32  32  32  32  32  32  32  32  32  32  32  32  112  114  105  110  116  102  40  34  67  111  117  108  100  32  32  110  111  116  32  32  111  112  101  110  32  32  102  105  108  101  33  34  41  59  
32  32  32  32  32  32  32  32  32  32  32  32  32  32  32  32  99  108  111  115  101  32  32  40  73  110  70  105  108  101  68  101  115  41  59  
32  32  32  32  32  32  32  32  32  32  32  32  32  32  32  32  99  108  111  115  101  32  32  40  79  117  116  70  105  108  101  68  101  115  41  59  
32  32  32  32  32  32  32  32  32  32  32  32  32  32  32  32  101  120  105  116  40  49  41  59  
32  32  32  32  32  32  32  32  125  
32  32  32  32  32  32  32  32  47  47  83  101  116  32  32  110  101  119  32  32  100  101  115  99  114  105  112  116  111  114  
32  32  32  32  32  32  32  32  100  117  112  50  40  79  117  116  70  105  108  101  68  101  115  44  49  41  59  
32  32  32  32  32  32  32  32  47  47  67  111  112  105  101  115  32  32  102  105  108  101  32  32  105  110  116  111  32  32  65  83  67  73  73  
32  32  32  32  32  32  32  32  119  104  105  108  101  40  114  101  97  100  40  73  110  70  105  108  101  68  101  115  44  32  32  38  98  117  102  102  101  114  44  32  32  49  41  32  32  61  61  32  32  49  41  123  
32  32  32  32  32  32  32  32  32  32  32  32  32  32  32  32  
32  32  32  32  32  32  32  32  32  32  32  32  32  32  32  32  105  102  40  40  105  110  116  41  98  117  102  102  101  114  32  32  61  61  32  32  39  32  32  39  41  123  
32  32  32  32  32  32  32  32  32  32  32  32  32  32  32  32  32  32  32  32  32  32  32  32  112  114  105  110  116  102  40  34  37  100  32  32  34  44  32  32  40  105  110  116  41  98  117  102  102  101  114  41  59  
32  32  32  32  32  32  32  32  32  32  32  32  32  32  32  32  125  
32  32  32  32  32  32  32  32  32  32  32  32  32  32  32  32  105  102  40  40  105  110  116  41  98  117  102  102  101  114  32  32  61  61  32  32  49  48  41  123  
32  32  32  32  32  32  32  32  32  32  32  32  32  32  32  32  32  32  32  32  32  32  32  32  112  114  105  110  116  102  40  34  92  110  34  41  59  
32  32  32  32  32  32  32  32  32  32  32  32  32  32  32  32  125  
32  32  32  32  32  32  32  32  32  32  32  32  32  32  32  32  101  108  115  101  123  
32  32  32  32  32  32  32  32  32  32  32  32  32  32  32  32  32  32  32  32  32  32  32  32  112  114  105  110  116  102  40  34  37  100  32  32  34  44  32  32  40  105  110  116  41  98  117  102  102  101  114  41  59  
32  32  32  32  32  32  32  32  32  32  32  32  32  32  32  32  125  
32  32  32  32  32  32  32  32  125  
32  32  32  32  32  32  32  32  99  108  111  115  101  32  32  40  73  110  70  105  108  101  68  101  115  41  59  
32  32  32  32  32  32  32  32  99  108  111  115  101  32  32  40  79  117  116  70  105  108  101  68  101  115  41  59  

32  32  32  32  32  32  32  32  101  120  105  116  32  32  40  48  41  59  
125  
